Set1,2,6,7,11,12,16,17,18,19,21,23,25,26,27,30,35,37,43,44,49
Set2,2,4,5,8,11,12,14,16,17,19,20,23,24,26,27,37,40,42,43,49
Set3,5,6,7,8,9,14,18,19,20,21,22,24,27,34,36,37,40,46,48,49
Set4,2,3,10,12,16,18,19,20,23,28,32,33,38,40,41,43,44,46,49,50
Set5,1,2,7,10,12,14,16,18,20,22,25,27,29,30,33,35,38,44,48,50
Set6,2,3,4,6,7,10,13,14,15,16,21,24,28,33,38,41,43,44,45,49
Set7,1,2,3,9,10,11,14,16,17,18,19,20,21,23,24,29,39,42,43,50
Set8,1,5,7,14,19,20,22,25,28,29,31,32,33,35,38,41,42,43,44,50
Set9,2,4,5,6,8,10,14,15,16,19,20,22,23,28,34,37,40,46,47,49
Set10,2,3,5,6,9,13,14,21,22,24,28,30,31,37,42,43,45,46,48,49
Set11,1,3,4,5,6,7,8,9,10,21,23,29,30,35,36,37,39,40,49,50
Set12,2,3,5,6,8,11,20,21,24,26,27,34,35,36,38,41,42,43,48,50
Set13,2,3,6,10,11,14,16,18,19,22,26,27,30,35,40,41,43,44,47,49
Set14,1,2,5,7,9,10,11,12,14,16,17,18,28,32,33,38,42,45,47,50
Set15,3,5,8,11,14,16,17,18,23,24,29,30,31,32,35,38,42,43,44,46
Set16,2,3,4,6,7,9,11,22,23,24,25,28,31,36,37,39,41,46,48,49
Set17,3,7,9,10,12,15,17,20,23,24,27,29,30,31,35,38,40,43,44,48
Set18,2,4,8,10,12,15,16,20,21,27,32,33,36,37,39,42,43,44,49,50
Set19,1,2,3,4,5,6,12,13,14,17,18,19,25,26,28,34,41,43,47,48
Set20,1,11,12,13,20,21,22,23,24,25,30,33,37,38,39,42,43,44,46,47
Set21,3,4,9,11,17,18,22,24,25,29,30,34,36,37,38,39,40,43,44,48
Set22,1,3,4,6,7,9,13,14,15,17,23,27,28,31,34,37,44,45,49,50
Set23,1,3,4,6,9,11,12,13,15,18,22,23,26,31,37,38,40,42,44,47
Set24,6,9,10,14,20,21,23,29,30,34,37,38,39,40,41,42,45,46,49,50
Set25,2,3,4,14,17,25,26,27,29,30,31,32,34,39,40,41,45,47,48,49
Set26,1,2,3,4,6,9,12,13,16,17,18,25,27,31,33,34,41,45,46,50
Set27,3,7,10,11,12,13,22,23,25,26,27,28,33,34,36,37,40,42,48,50
Set28,1,7,10,11,14,16,18,19,21,23,25,26,27,29,31,32,33,36,48,49
Set29,2,3,4,8,11,14,15,17,18,19,21,26,33,34,35,37,39,44,45,46
Set30,2,4,5,7,8,14,21,22,24,26,28,29,35,36,39,41,43,44,48,50
Set31,2,3,5,7,11,13,15,17,20,23,26,28,29,32,34,36,41,45,48,49
Set32,2,3,4,15,17,19,20,22,24,26,29,32,38,39,40,43,44,46,47,48
Set33,2,3,7,9,10,15,16,18,24,25,26,31,34,35,36,38,40,43,44,47
Set34,2,3,4,5,6,10,12,19,24,26,30,31,32,33,35,37,40,45,46,49
Set35,3,7,9,16,17,21,22,24,26,28,30,31,32,38,39,41,42,43,45,50
Set36,1,4,5,7,11,13,14,22,24,27,29,30,32,34,36,40,41,46,47,49
Set37,6,8,10,11,13,19,20,26,30,31,34,37,39,40,41,44,45,46,49,50
Set38,2,4,6,9,10,16,18,19,22,25,27,30,32,33,34,35,37,42,48,50
Set39,2,4,5,7,8,9,15,20,21,22,25,27,29,32,37,39,43,44,47,48
Set40,1,2,3,8,10,11,12,13,15,16,17,20,23,24,26,31,33,40,42,48
Set41,1,3,4,9,11,13,14,16,19,27,29,30,31,32,33,39,40,45,47,50
Set42,1,2,6,9,11,18,21,22,24,25,30,33,34,36,37,42,45,46,47,49
Set43,1,3,6,8,9,10,15,16,17,19,21,22,24,26,30,34,41,47,49,50
Set44,2,3,8,9,11,13,14,26,30,31,32,33,35,36,37,40,42,44,46,47
Set45,4,5,6,7,8,11,14,17,18,19,21,23,24,29,33,36,38,39,41,49
Set46,1,2,5,6,7,12,13,17,18,21,23,26,29,31,34,37,46,47,49,50
Set47,1,2,3,7,9,10,15,16,17,19,21,22,32,33,38,40,42,43,48,50
Set48,1,2,4,12,15,16,18,19,22,23,24,26,28,29,37,41,43,47,48,49
Set49,4,7,12,14,17,19,20,22,23,25,26,33,34,36,37,41,42,47,48,49
Set50,4,7,10,15,16,17,18,22,27,29,30,31,33,37,40,41,44,46,47,50